0 2433 2817 387 891 3720 1294 400 1560 3739 1820 4002 932 1959 2091 1199 1200 818 3508 3895 1488 468 4057 1755 3562 492 1390 2927 1775 3828 3701 3445 118 1784 1146 2683
1 1282 3267 773 3337 1545 2506 3597 337 786 3799 1181 2296 1577 3884 3054 3182 752 3639 3576 1020 317 1663
2 384 66 2889 3977 3536 3921 796 2721 4005 3964 2346 1005 180 761 2685 1022
3 262 3976 2060 789 3095 2716 1949 2081 2593 2979 3495 423 425 43 940 3245 306 1978 2110 2112 3649 3779 3780 3526 3276 1231 2898 2516 2260 213 3927 4062 2272 1248 3938 1763 618 1389 1398 3318 2552 2555 1534
4 2311 2441 1676 2445 1040 1175 3864 3225 2715 30 1312 2465 1313 1318 557 2733 2095 816 2736 2991 2227 2229 1721 1727 193 322 2119 71 2892 1230 3023 3025 338 978 3804 3806 1118 3681 2403 2148 3814 3179 2283 3310 1647 3568 2418 1790
5 898 3844 389 1160 3467 2956 1165 784 1041 1434 540 1052 3484 3742 2850 2470 3495 3112 169 2602 3881 1708 941 2734 813 2217 2610 2742 706 2370 2888 2761 3154 3926 3159 2397 1375 2273 2145 747 497 1521 116 2166 2174
6 643 135 778 11 269 654 2575 532 534 3993 1820 2716 1315 4006 1064 2217 681 41 296 3885 3248 1843 1205 438 1857 581 2501 3656 3530 1746 1117 3427 1124 1385 2795 114 2290 2423 1528 1401 2170 251
7 3712 2052 649 2826 1165 911 401 2454 2711 1046 1691 1566 670 2215 2348 3629 2350 1197 817 1458 2493 447 3136 1602 1609 1226 843 718 3407 208 1361 1874 2387 211 2514 3416 3547 3037 3936 4070 2667
8 256 1538 260 4 2441 2058 908 2188 2959 2586 2973 416 1193 940 557 3128 2233 2620 1724 2115 3653 3013 3269 2763 844 2640 4053 475 4061 482 1123 228 2150 3430 2284 1390 2546 884 3833 1023
9 2561 66 1158 4045 1170 2451 853 4056 3290 1633 482 225 2278 813 4014 1460 2745 2363 446
10 513 641 2306 1028 261 3207 3083 2209 1573 2599 1320 2473 1065 1585 2103 3385 4030 3778 838 460 1874 2515 3160 4057 474 477 3165 3941 1382 4070 4073 363 2802 1652 886 3323
11 2817 2562 1794 3972 3078 1799 2574 2191 1424 785 1943 1307 413 676 1831 1320 3241 3625 936 2100 180 822 1207 1467 3772 1857 3531 976 336 1746 1241 3164 3424 2658 999 104 1514 492 2029 3567 1138 1780 500 1140 119 1659 509
12 130 3843 3463 1544 1783 1805 2459 159 291 675 3877 679 555 175 1712 3252 3254 3382 2360 966 1735 1993 75 1741 1874 2130 468 2005 3926 1117 741 3815 3047 1392 3699 2935 1144 2682 2045
13 1800 1224 3597 3705 2578 3926 1913 1498 2589 2359 1445 1449 3242 746 951 3897 442 3965 2623
14 2435 901 910 2320 3221 2201 2589 3744 801 1957 3624 2345 3371 2736 2868 56 1342 2372 3660 2253 1105 210 3797 214 856 3173 493 1134 2543 2032 1011 755 2165 1017 2811 3710
15 778 398 1295 785 1297 3861 2978 3111 552 2984 2730 3114 1581 1198 2735 1199 3765 1973 1336 1593 3906 834 2756 838 1097 2121 460 718 591 3408 82 2521 3168 4065 1508 1128 234 1387 3950 2030 626 1778 3317 1911 1016
16 579 2501 3754 4075 948 1748 1433 2491 2398
17 2080 2177 2917 1898 1295 2164 436 1531 1054 2367
18 832 3266 1541 3591 3469 2966 2455 2275 1700 2787 489 3881 2680
19 1507 198 1287 73 683 3311 3568 1487 1519 1651 1080
20 2053 1033 2318 3856 3728 3218 2067 913 412 3360 3630 3377 3123 566 2744 1593 4027 3779 1092 1868 975 4048 208 1622 3671 2522 3930 3549 2143 3682 1379 2020 2406 3814 1639 363 879 1394 1907 1010 1651 3189 2680 761 1021
21 2883 269 1166 1743 3795 3423 3041 2402 2531 3044 2350 2286 824 2290 1012 2487 826 2877
22 3078 1833 3757 2510 3027 3414 3737 1691
23 3457 3459 2181 3333 1546 2571 395 1039 3343 2961 2195 2069 1175 2328 3869 544 3873 3237 2859 1839 1584 2357 3260 2622 1854 1732 2501 2884 3272 2765 1870 2518 1879 1497 3036 2912 1122 3814 872 1900 3446 375 1915 3967
24 1281 2050 1928 1035 2636 1997 3598 2894 849 83 1812 2196 979 470 2905 410 3166 422 2792 2163 115 3962 1788 2815
25 1168 2449 917 3095 1048 1562 1700 2867 3123 2616 3514 314 1213 1982 3775 2365 2754 328 3273 1486 2512 2773 1495 3168 2913 1637 2791 113 630 3323 636
26 3778 2566 1031 392 3915 908 2253 1870 2255 1168 2254 592 1300 1305 3996 2021 3752 1835 3505
27 3264 2 2370 2693 326 2184 2122 2124 2319 2194 3349 406 3605 2263 2075 2397 2334 1951 2721 2339 613 1768 1451 1647 882 3058 1080
28 961 1029 3849 1679 3600 530 3155 532 1301 2517 3225 2268 1321 2665 3500 1966 688 2429 125 440 2621
29 1152 2177 770 258 1933 2831 536 2201 2975 289 3886 1455 815 1841 3504 3507 3260 1477 2501 2757 2770 1368 94 2527 2020 231 3182 2292 3192
30 2752 609 69 1832 4040 1136 2770 1117 2999 893
31 384 2050 774 3720 3464 2449 1302 1173 667 3742 1957 167 1576 937 41 821 1334 3132 2888 2889 3918 1231 2768 2131 2522 858 2780 1248 992 1762 3430 3814 2536 494 2159 3955 2934 1660
32 3552 3457 579 2088 2667 1260 2480 3313 3743 3323 2524 255
33 4033 1351 3913 2829 1486 1657 1557 2389 279 3928 1370 2267 1630 1759 1761 2233 997 1259 3055 4016 3311 946 2801 369 693 2037 2808 3513
34 2113 642 1794 1218 578 509 2504 2506 271 1681 3922 1752 2586 2331 3354 736 1249 4069 3434 3821 240 882 435 3252 52 3444 2107 61
35 3588 3974 2186 2188 2576 3603 3610 2331 1948 2462 164 2085 814 3122 3763 2483 2357 3766 3257 2874 57 3900 1217 712 202 2636 2893 1358 207 1868 3795 3029 597 3544 3930 482 4067 2147 3945 3178 1642 492 1905 754 3964 1663
36 1761 1923 548 1157 1385 3068 2350 3574 2135 3740
37 2945 835 2438 3795 1622 3030 536 1625 2073 2359 420 3765 3127 568
38 1025 3588 1800 2830 17 3218 1043 2457 2329 4001 2727 2602 1972 3636 1850 3003 194 1095 1746 1506 1510 3818 2160 243 1141 1270 1400 886 3965 2687
39 2278 1227 3116 1263 946 3224 2329 3101
40 835 2437 904 3275 1356 2397 2536 4073 689 1779 3766 3770 3260 638 2175
41 2048 3907 2758 3591 3401 1225 1804 3853 3023 3239 231 622 4020 1335 2488 3002
42 196 3143 1804 1680 3473 2832 3603 3608 3961 29 1887 3167 3755 44 427 814 747 3180 752 2482 1333 1206 1529 1210 1214
43 2177 1160 782 3728 145 1047 3741 3742 3362 1574 3110 432 3122 690 3635 2103 1976 574 2243 963 711 3912 3273 2634 3401 974 1488 978 3024 852 2268 1887 3552 1888 2527 1635 2401 2412 2930 1010 1906 2556
44 3712 704 448 1217 1219 69 3208 1226 3407 592 80 1115 476 1502 678 3623 2602 3498 747 942 1140 1717 2102 1591 1400 2366
45 3462 518 2441 652 527 659 788 533 1687 792 2329 3227 930 165 423 3496 1964 689 50 2226 821 2486 2614 2615 1209 1854 3906 1219 1223 1354 1869 1741 1872 3541 2262 2521 2779 1244 3296 3809 3939 484 3437 3828 3319 2685
46 1028 3080 1481 3469 80 3281 2512 2195 1173 3670 3225 3481 1376 1397 2106 1019 1149
47 64 899 2693 391 1225 3787 2958 851 4052 3898 2525 2206 990 4064 1507 356 3622 807 3626 2282 1070 2351 114 2359 2618 891 1340 3326 1087
48 1287 3015 1993 2058 3211 2893 3599 1935 1042 3987 1492 3924 3484 540 2591 2012 1830 3242 2861 1519 944 306 1720 954 1791
49 2819 3684 3654 3242 2958 1009 435 4030 3224 3868 1661 2174
50 393 3214 3854 1043 3480 2200 1048 3995 1572 1957 1188 1705 2091 3384 702 2494 1856 451 325 1356 206 466 599 2531 1771 1134 3954 1138 1524 1013 3573
51 1922 322 516 1294 2878 3346 1171 3156 3352 1048 3935 2208 1851 3684 1001 4074 747 622 2801 1202 1971 116 1335 2488 2619 2492 2301 3256
52 3328 1095 383 3403 588 1867 590 3856 2640 4052 474 285 2144 1788 552 1512 3945 746 1384 3952 2801 693 950 1207 2428 1401 1276 3455
53 1569 2978 1539 40 4073 2382 462 1296 1717 1047 1434 1469
54 3265 1923 4 2948 1162 778 2763 3276 3404 3730 1814 1564 1181 3614 863 1762 1959 3505 1332 2548 374 3831 122
55 2049 2435 3075 647 267 3605 1309 1698 2467 2348 946 3508 3380 1715 1586 568 4027 320 3017 4043 3197 3419 603 3934 2273 2915 1253 491 2157 1775 1397 2939 1789
56 263 1417 1165 655 3229 3997 1186 1314 2853 2989 2865 3634 3507 568 3385 1724 3647 3777 2499 964 3782 1350 203 587 3414 2788 2024 2281 3569 1394 500 2296 2554 125 1663
57 3201 2564 3462 3078 3471 2965 150 278 2586 804 2089 4012 2989 2732 815 1328 945 1836 2869 3638 185 2620 3390 2752 2757 3526 585 73 2121 3322 459 2129 3793 2906 3684 229 2406 2930 1907 2036 1786 1917 254
58 2690 1673 3914 3404 1229 3854 3536 3099 161 3107 295 1511 3889 1011 501 2104
59 6 2055 3334 3350 2328 3608 282 1179 2331 2332 3364 1836 3247 944 1970 1203 565 1591 1337 2489 2109 3519 2880 3521 2114 1343 1989 72 2636 2509 2767 3154 2644 1877 3674 3930 3676 994 3944 2539 2545 1533 3582
60 1216 1478 1034 2250 1165 2708 3924 664 3033 475 604 3550 3422 3623 3181 3630 3248 53 2678 2815
61 1152 3330 644 1669 3342 3734 3094 2328 3352 1692 2333 2847 2464 2722 675 2344 2601 3241 2612 2747 2879 3779 3907 713 2633 1996 3533 2133 2266 93 3682 3683 2021 1645 3315 628 1396 373 1783
62 3330 3971 1284 2693 2308 3076 3084 785 918 2456 537 1946 2208 35 3626 940 686 3119 1711 3509 3253 312 1213 3138 838 1865 3406 206 1360 1233 1870 1235 3160 2521 2145 2532 741 4070 1770 3435 2411 2925 3057 1268
63 1024 257 3202 388 901 1288 650 3211 1035 3087 2576 275 2451 665 1824 3109 295 3378 1587 694 697 2745 835 452 324 3524 1607 968 2760 2131 1109 3544 3676 3942 3049 2924 3440 3071
64 2561 391 3591 1226 267 2636 1872 3090 850 1880 2333 2338 1255 1833 1074 3379 1403 2749
65 131 2314 138 3727 2703 145 3732 795 28 3871 1697 2471 3757 2998 3639 3382 3772 701 3646 703 4030 1853 2629 2245 1733 340 2004 86 1877 2265 4058 1128 1134 3695 1903 497 2423 632 3961 507 893
66 1153 1154 3653 2891 1038 463 273 3475 1556 1050 1820 670 563 244 2165 2422 249 59 3455
67 133 3333 3269 1477 1161 2699 2193 3090 1938 3730 3221 857 926 3874 2275 1445 2024 1833 489 1512 1916 3374 496 2492 3709
68 3080 1802 1679 343 794 187 1054 1215
69 512 3841 2498 2181 1032 2764 3278 2644 1430 985 2138 2523 3805 4000 4065 2658 1445 2674 3061 764
70 1282 3206 3592 1302 407 2072 2076 1702 2730 3629 1455 823 2617 1214 3905 2369 3521 964 714 1229 2387 1108 475 4059 480 3692 2671 2547 2427 2046
71 2181 906 2314 2700 780 1675 1295 1551 1167 1427 22 3607 793 2202 2718 3105 298 1201 1332 1847 567 1082 3643 1723 317 1985 3908 2629 2895 851 2646 1239 990 2277 3174 379 3325 894
72 1280 2050 517 3211 143 151 3609 2075 3366 188 3141 454 2247 1733 3785 1606 1228 3920 3832 1365 2393 861 1374 2669 2928 1651 2291 373 2168 762 891 1534
73 1156 2949 3524 1478 1296 723 791 1500 3677 3742 3164 1503 1502 1828 3940 2604 689 945 3379 2484 3953 2230 372 2549 1210 3579 3196
74 390 3080 3852 3471 145 664 665 2716 158 672 801 1448 3373 2992 308 1461 3766 2104 1469 445 2498 2371 966 1609 3922 2770 3796 2514 3798 3926 1881 2781 3293 1376 2785 741 1382 102 1000 1768 873 4075 998 2663 2805 3706
75 3014 1926 1233 213 1431 3352 3228 1890 1771 3371 2287 2224 49 3826 2361 444
76 2561 2821 12 561 3987 1083 2205
77 1153 260 3334 394 2062 1554 3474 2195 3992 923 1949 2976 45 1840 2740 3381 437 444 188 65 1091 2116 3277 846 2384 2769 1747 982 2394 1888 3300 486 1000 2923 3947 3439 2937
78 3970 3588 1413 262 519 2826 1036 2060 3988 2336 1441 1828 2727 2218 3882 3892 3510 54 1592 3257 1337 1851 445 2880 834 3655 2377 1095 77 2637 979 341 729 3554 2929 3185 244
79 642 2054 1031 1546 1164 2703 2323 1943 672 2211 806 2344 302 1201 3634 1974 2234 1210 1851 3643 3265 583 3015 2122 2131 3284 343 1882 2908 2014 1130 2539 1644 2796 2158 1263 3696 1909 1783 1786 764
80 1920 324 2373 3915 2256 3284 3477 3927 668 2205 476 4065 2728 2603 3371 174 1840 951 4028
81 3168 448 3619 3720 781 3985 3122 2515 820 2229 1818 3803 3415
82 2496 581 3462 3212 1805 1997 1812 3868 1373 2527 3680 1376 1190 679 678 1387 1134 4015 1008 1012 54 2361 3454
83 2915 1066 1997 272 1812 950 2713 1339 2430
84 614 2185 3626 2380 3408 3697 3196 340 2453 1974 3416 2780
85 2 2948 263 2056 2185 1291 1165 2193 2706 3604 2836 3863 922 1949 3743 813 2997 1336 2810 2363 1347 4035 1735 456 3783 2259 3795 2777 3289 3680 1632 3300 229 358 1512 2409 1775 3568 3954 2035 628 757 3572 2295 117 2170
86 1089 134 2940 780 336 2578 3987 341 3480 3226 1054 3105 611 2085 1638 2918 748 1776 946 3960 2302 3772 3326
87 3075 647 1799 3342 527 154 1577 2090 3371 1324 3116 1713 3890 697 713 2379 3531 3660 2381 3280 3538 3798 1495 2136 4055 479 1760 98 2275 2274 3816 489 2922 876 752 2672 885 246 1016 252
88 3203 3715 2179 522 267 3339 1937 1938 2584 1689 1023 797 2462 2470 1707 3631 2351 3634 2867 1078 1919 952 2110 1087 330 1877 344 346 739 3044 1893 1512 3816 362 3946 2795 2543 496 2800 1139 3062 3959 3318 2301 1022 3327
89 3077 2694 1160 2699 652 1420 2187 3225 1947 3487 1187 2093 306 3765 1336 2362 2881 3265 2499 3272 72 1742 2263 1118 3296 1893 3942 4075 244 2548 2292 1019
90 265 1932 534 3482 1570 2215 2859 1969 946 1078 1730 1479 3401 3529 3916 3790 727 1753 605 223 2018 3939 1123 2663 1640 1387 1135 1777 2804 1656 2809 2042 2047
91 2497 4034 2244 2822 3592 1864 3276 3408 3217 2577 2263 25 3162 477 3870 1439 3682 2276 484 679 1512 3182 2095 2290 435 831
92 4032 2820 1605 778 906 846 527 2064 400 2585 1821 3871 2216 2154 172 1136 2481 1265 2545 2804 1524 1530
93 386 578 2116 838 9 2958 2706 2450 920 2328 3544 1691 1954 1123 1894 1447 103 1513 683 878 2802 3383 3449 954 3389
94 1344 3073 2758 908 269 1806 2635 1168 3662 979 2901 2902 3288 479 2213 1318 2534 2024 1514 44 2862 1712 1397 3061 1785 2171 1660 2749 3071
95 2 517 1161 1674 269 1678 1039 148 3350 3095 3871 1951 677 934 3878 3244 813 814 1714 2739 2617 3259 2877 701 3643 3647 1596 3140 581 3270 1990 202 4046 3028 1499 2268 2396 2271 1248 2791 1639 103 111 1144 2300
96 3075 1544 140 3734 3100 224 3233 418 3621 1061 170 362 3692 3187 502 4025 1594 3326
97 771 2886 2760 393 1866 462 3984 1489 2454 3287 664 2461 3805 1250 3940 806 3110 1705 233 3563 1714 2487 895
98 2820 262 326 203 462 470 1881 2652 798 2272 1379 1444 935 3176 2864 3636 3316 1337
99 2048 1795 778 917 793 2969 3611 669 545 3874 4003 424 681 3115 1966 3375 2864 3121 2099 566 1334 695 3129 59 3515 701 316 965 2502 4038 3527 460 463 4051 3795 3286 1882 2779 3803 2279 2540 2542 1263 3832 3833 509
100 3333 1542 2063 1809 1433 537 414 1313 161 2979 1575 1706 1580 2612 1206 1593 1980 3773 1724 1471 2628 197 3910 2887 1094 586 2253 4046 1874 3032 1753 2013 3938 4067 3944 2024 236 2796 1518 1266 884 3575 1144 1915 3199
101 869 3718 1480 3531 1963 654 912 1681 1653 1016 3295
102 2976 384 2468 4037 3879 2889 2026 2796 1103 2999 1686 2454 2714
103 1665 2179 3971 3592 1545 783 2704 2447 3731 19 3606 3991 1814 1560 1058 676 1830 442 3518 1988 3527 2375 3788 1613 2638 2003 3036 2654 225 485 1510 358 2540 3564 2932 378 763 3708
104 2435 1163 2454 3740 1821 800 939 2862 2613 2486 951 2869 3894 2494 2368 705 581 1865 3147 1996 4042 2256 721 1744 3542 2010 3684 1516 878 3572 376 1534
105 448 1793 2 2821 2502 1608 2574 1808 2448 2002 3348 2968 1628 3805 2271 3551 97 3940 3815 3049 1774 3826 2103 249 1211
106 2432 3081 2188 2700 147 2455 2843 3486 929 1571 936 1580 2938 2755 1476 1484 1485 3919 2387 3157 214 119 2650 2778 348 3549 3677 1379 1254 616 2920 1648 3059 884 1914 2430 3199
107 1315 3623 1037 783 3902 3826 2741 1341 3262
108 1036 2701 2447 1042 3605 150 670 1699 423 3240 297 2858 2231 3131 3519 2240 4034 2374 3527 587 1998 335 2513 725 2263 2135 858 3291 2526 3935 3806 862 1122 355 875 4075 1646 2544 753
109 4072 106 3532 845 3921 2835 852 1974 2454 1080 3836 1023
110 3972 2500 1353 2507 2894 2194 2002 2644 1111 858 2654 3746 98 1446 3948 2671 3765 2422 3064 3899 60 1725
111 3842 515 892 2960 3986 1684 1301 895 3608 1564 3875 48 435 1210 3259 2494 1984 704 1609 841 4047 2770 1376 3170 2277 3944 1264 2929 1017 1527 1145 250 2939 508 509 1662 3455
112 1416 1289 1674 1036 18 2963 2709 1557 3736 2072 3611 2077 2721 1915 2982 3369 3883 1069 55 441 2105 3262 1217 3652 3275 2891 3661 209 3158 3031 470 729 600 2139 1119 2143 3554 484 4069 1638 3184 1521 1525 246
113 2944 640 3586 1925 3974 1544 1672 2570 1431 3736 411 924 3997 1438 2849 4001 2977 3757 436 3894 568 2488 3896 2360 2624 579 1993 1996 2896 3410 4051 1749 3413 729 1499 3677 96 2148 1258 3307 1143 3322 3838 2175
114 768 3201 2181 2437 1802 1930 2572 2061 2961 2582 411 285 2205 2594 2980 1704 41 3114 2479 181 2233 1854 704 2758 849 339 2261 4054 3415 89 2137 1756 2014 735 3550 737 2788 1253 3944 2025 2154 1261 3310 3319 1785 2810 3455
115 2944 2689 2950 2696 2322 3091 2134 535 3288 91 1692 3102 2659 2599 121 1723
116 2817 3777 581 6 1999 214 26 3616 3043 485 2280 1709 252 3320 1852 3007
117 3075 3971 900 3783 2957 1231 786 1618 3667 3804 1119 417 3751 3816 3498 3434 3052 2865 497 4020 3511 1464 446
118 1282 1541 2055 1799 1783 907 3345 3217 1939 2453 789 2073 3739 1181 1693 1573 2231 1720 953 4026 3515 2624 3650 966 1231 3284 3032 2777 3835 2657 1640 2416 3061 3967 3066 3323
119 3459 647 1678 1168 1425 1561 418 1661 40 3625 1451 3372 2743 572 63 2636 2385 1879 2139 3934 612 1381 3558 1509 3812 1128 3690 241 2423 1531 765
120 1345 972 1744 1370 2395 3871 2015 994 675 3429 999 2856 433 370 1780 567 2301 3263
121 578 582 3597 911 1685 349 3934 3105 1253 3690 1707 2411 1770 3181 3196 1726
122 707 2698 523 910 846 2324 1045 3860 3223 3092 732 1633 37 2474 2539 1584 1396 2549 2936 1276 1021
123 2145 1509 2662 742 3496 2123 2028 333 1740 1241 2650 3324
124 2626 323 1029 2952 1993 2444 1359 2963 2069 1558 2517 3927 2782 1660 3490 3109 2663 2153 3178 1708 1838 686 3760 2034 2869 3194 2875 2300 1407
125 2184 2824 1556 2456 1305 2847 3364 1577 555 941 3887 177 818 2099 2618 2876 2366 1215 2624 1858 2372 73 208 3666 2898 339 2517 859 1885 3165 2910 997 3942 2670 3951 2800 2542 117 2551 2936 1403 1661
126 1281 3468 1553 3729 1172 212 2068 1506 998 2471 3687 3242 2474 3632 3056 2995
127 578 2756 3717 1671 2121 334 4047 19 793 1881 1308 2589 162 3299 1060 3365 2725 39 420 177 2866 3828 2106
128 1292 525 2959 3215 22 280 3098 923 3228 27 1827 933 3111 4014 695 1976 2106 3902 1727 2627 2117 325 2250 2123 3148 2642 3036 2269 480 2400 1250 3815 873 2025 1009 2417
129 1282 2950 1927 3336 1419 3213 3220 3349 788 2588 3101 1060 3111 1326 2478 1073 3262 2753 3652 1862 839 590 981 3037 2399 3935 1891 1766 2155 2669 237 2035 3702 1142 3833
130 1538 1543 3208 3335 3015 3660 209 2131 3736 2904 26 2271 3263 1520 1527 3386 827 572 3135
131 2177 3746 1826 615 3565 3694 527 1873 2745 2644 2742 1497
132 388 3076 1426 1814 2333 2334 1697 4005 2982 3368 427 4017 1971 2231 2234 1342 66 3660 3790 978 3028 1625 858 2012 3293 1772 1519 241 371 1911
133 636 1542 1797 3461 3466 1548 2444 398 272 2066 147 1684 3093 2072 1433 2714 3227 2590 1571 1059 2679 685 1460 3516 3261 1341 1214 1346 1475 2509 2514 3412 1109 2261 730 3931 4064 2020 3307 2290 1523 1655 2424 124
134 3842 262 904 3337 2697 906 652 393 3726 1547 2700 1041 3856 3734 3222 2330 160 2083 1319 172 305 3762 3124 821 1595 956 1085 3397 3143 72 3403 3277 3023 1103 1617 729 2650 1371 3423 3809 4067 364 1261 1008 3060 3578
135 2310 1351 328 1481 3854 2388 3093 918 279 280 2133 2551 1125 3238 103 2473 424 2151 4012 487 815 1138 114 2617 3258
136 3585 2051 1611 1100 912 2195 2707 2387 852 4055 537 3546 1182 2591 1376 2400 2403 3302 3689 3757 2541 3693 3057 50 1458 2931 117 1981
137 2689 1413 2631 2186 3341 1935 1052 1628 2206 3871 1532 357 426 1198 2682 1399 121 3770 3131 3580
138 2499 1029 2952 3531 3535 3858 1811 1237 3671 2075 4065 294 169 171 684 3247 111 1652 1719
139 2947 1796 2565 3333 1032 1147 1933 655 2447 528 3218 2196 3222 923 1698 4006 3878 3110 2854 1452 3505 1338 1978 61 1599 70 710 3144 1227 3025 2515 595 2262 1238 3800 2264 3677 2533 2277 1644 115 755 2935 890 2683 2174 1151
140 1536 384 2434 516 3845 908 1678 3471 2704 2962 147 1812 3222 536 665 1692 3229 1822 1439 2464 4000 2338 3236 165 1830 3111 3626 961 1732 2431 1992 594 724 1242 2787 3429 3179 2540 495 3184 245 1146 3325 3582 3327
141 961 579 3591 3272 765 977 2002 792 2458 602 1566 927 1504 4006 551 2025 2416 2354 2165 1591 3069
142 3654 777 2314 404 1173 3351 1497 345 1754 1436 736 2786 2407 307 2228 1846 3323 3324 1277
143 1281 2689 2691 3717 518 1349 392 2889 1172 1044 470 4057 543 2720 416 164 869 742 3308 3245 2350 883 1397 1655 2360 3707
144 224 2630 3406 720 2419 3605 1561 570 3004
145 1793 962 1027 772 1475 3013 520 527 464 2833 1939 2968 1689 1880 2076 3625 2794 2101 2294 2422 444
146 2945 3203 3206 649 3082 3467 655 1807 3346 3860 1952 288 1704 681 298 1579 2479 3636 181 2486 3894 697 699 3140 69 2888 3148 4046 463 3408 2511 84 857 218 2911 2273 2280 2792 1130 2285 2029 367 3702 3958 1273
147 1984 1601 2437 2245 711 3339 2637 1102 2831 2576 2258 2967 3420 3039 934 807 1576 3817 4012 2605 3118 3949 688 3770 2495
148 1601 3139 649 1355 2062 1747 724 3736 476 220 3806 3039 1952 546 1126 2222 3632 562 4019 242 3253 3442 3570 1592 1789
149 3712 3009 2818 1288 3464 1289 1868 3473 3025 147 2389 1238 25 2843 2909 1569 4069 367 4016 1396 1530 3195 1790
